
Running main
@ Calling sort 0
@ 1, 115, -10, 52, -6, 2, 4, 264, 23, -14, 1, 15, 13, 42, 72, 43, -143, 53
@ -143, -14, -10, -6, 1, 1, 2, 4, 13, 15, 23, 42, 43, 52, 53, 72, 115, 264
@ Calling sort 1
@ 1, 115, -10, 52, -6, 2, 4, 264, 23, -14, 1, 15, 13, 42, 72, 43, -143, 53
@ -143, -14, -10, -6, 1, 1, 2, 4, 13, 15, 23, 42, 43, 52, 53, 72, 115, 264
@ Calling sort 2
@ 1, 115, -10, 52, -6, 2, 4, 264, 23, -14, 1, 15, 13, 42, 72, 43, -143, 53
@ -143, -14, -10, -6, 1, 1, 2, 4, 13, 15, 23, 42, 43, 52, 53, 72, 115, 264

Checking output of main
Files golden_main.out and main.out differ
@ Calling sort 0						@ Calling sort 0
@ 1, 115, -10, 52, -6, 2, 4, 264, 23, -14, 1, 15, 13, 42, 72,	@ 1, 115, -10, 52, -6, 2, 4, 264, 23, -14, 1, 15, 13, 42, 72,
@ -143, -14, -10, -6, 1, 1, 2, 4, 13, 15, 23, 42, 43, 52, 53,	@ -143, -14, -10, -6, 1, 1, 2, 4, 13, 15, 23, 42, 43, 52, 53,
@ Calling sort 1						@ Calling sort 1
@ 1, 115, -10, 52, -6, 2, 4, 264, 23, -14, 1, 15, 13, 42, 72,	@ 1, 115, -10, 52, -6, 2, 4, 264, 23, -14, 1, 15, 13, 42, 72,
@ -143, -14, -10, -6, 1, 1, 2, 4, 13, 15, 23, 42, 43, 52, 53,	@ -143, -14, -10, -6, 1, 1, 2, 4, 13, 15, 23, 42, 43, 52, 53,
@ Calling sort 2						@ Calling sort 2
@ 1, 115, -10, 52, -6, 2, 4, 264, 23, -14, 1, 15, 13, 42, 72,	@ 1, 115, -10, 52, -6, 2, 4, 264, 23, -14, 1, 15, 13, 42, 72,
@ -143, -14, -10, -6, 1, 1, 2, 4, 13, 15, 23, 42, 43, 52, 53, \	@ -143, -14, -10, -6, 1, 1, 2, 4, 13, 15, 23, 42, 43, 52, 53,
